431131
392764
211249
948885
969971
87526
21506
796919
255520
118094
977183
67503
955277
572293
164477
678033
688457
576171
268744
572210
241401
327864
357227
462914
411244
515242
146031
307459
917388
298247
356731
510757
472431
291086
748218
177728
835213
708094
490714
781165
362380
168066
299824
412738
593976
700535
2808
16936
470158
748444
627194
524441
205559
764757
977161
564411
725714
204060
28262
626004
25898
722820
327553
426602
809095
650795
992799
329720
183776
669500
682391
967502
641454
910430
427574
273734
80987
582461
90626
112094
218201
812595
661404
257143
337808
912594
714110
536745
500399
774480
523748
877697
829924
513296
986760
924824
48230
643977
945477
173329
29871
501141
77533
10030
934984
141912
162710
863247
545276
552523
742847
308105
207598
324452
294032
512671
308807
557796
930607
755680
330247
111229
234959
135324
222653
42333
582323
617924
476434
749403
142353
198173
226239
167933
446673
459169
890526
473443
136628
56434
1374
35028
656722
12924
349905
464804
46779
477094
716448
455742
901631
178036
5022
540756
945482
290300
772601
341152
562343
629442
942285
734997
992741
730611
18066
28071
539031
945530
559030
186292
766325
434435
28742
471309
807007
791882
230213
896997
660930
325343
774047
253590
768211
243000
126775
523786
204537
581746
918493
920332
563399
912294
195867
887979
601767
569380
46190
479944
539794
263375
16210
676669
680379
927189
401270
662378
610123
825992
184655
226781
590151
673694
900489
881949
482895
282306
974360
643732
997184
530324
821676
524182
571512
187844
812674
561554
303417
399494
345175
595988
586406
546418
520119
263348
356267
313660
761588
308511
386554
705291
702387
551487
656432
34231
405089
862922
685142
89892
585731
312676
784194
280246
395882
789426
252254
738096
803460
838460
874816
177132
601359
576510
856761
277817
241065
518348
129066
452108
180100
866207
641295
266341
900789
324032
996511
340160
878187
217807
117644
65843
891068
420400
980453
444138
896411
902867
969820
465789
226726
674591
297441
711019
758620
477883
814508
778038
945964
411576
993242
563994
955048
700190
577135
666667
455961
495570
785914
858634
741867
160353
972566
839939
30985
733675
999244
290695
653956
581614
491606
676801
905388
545006
650495
247510
818689
891519
542630
206782
705987
560303
841249
953594
584742
69138
975037
19697
893858
750954
220772
625387
539110
487795
746008
182057
340012
140489
538843
918814
465960
470519
218225
228558
793242
20957
812861
899330
152707
897213
136008
493733
303924
292578
331681
330303
529857
661165
372766
201227
16597
408381
760896
946742
866719
241082
636853
261367
31530
160895
82166
323589
1803
992993
327953
269946
314803
561888
100993
398146
876516
450922
829433
717951
886849
201030
325056
762877
278718
904547
447093
830861
656694
830078
663348
678144
13979
513834
773969
741442
933511
884543
638721
932432
996338
102689
381209
27095
2109
525868
133614
239851
286250
497849
119194
416096
932975
157776
916448
556489
39135
435754
759655
424970
984712
693409
162787
348060
212380
79542
85905
675101
442055
109439
503392
483986
940895
939499
708653
566202
457722
460403
312231
153679
390361
36319
489298
470108
12865
270642
937639
827126
282282
924468
353560
44760
726609
609498
138544
862175
754600
585747
64345
751518
656558
325617
2807
475295
915481
870066
357426
569527
163758
677099
528466
62149
436531
972368
294787
309255
766717
202402
735991
417048
11235
801205
484714
795722
869075
151325
814017
536604
44674
762677
522892
924824
569151
128971
676779
369996
598305
981675
951820
219234
166175
524935
872722
684958
18686
441472
315089
109876
290469
594835
324726
122052
750732
498531
785668
854899
856339
229343
844665
423975
99183
937231
347727
329566
566591
283776
349214
858412
351101
477002
334110
930895
23311
947387
569675
764528
858749
273826
202849
87481
90814
241337
744519
292493
294315
791088
760392
636968
725909
941970
183612
190549
12338
757654
243589
479558
404658
699013
248565
525843
900016
5890
316045
325650
760515
836283
496864
451855
390517
992171
315351
8552
30795
397065
410957
33544
689027
165584
802778
651646
186716
126444
590573
482425
741263
674494
955283
917090
945947
733260
985044
376534
255806
348936
661436
535679
892799
538683
962807
666830
214504
567630
892374
892822
491474
321269
156974
426376
10200
675129
905823
16263
734318
999008
565554
842791
469642
534138
935452
112839
566400
798923
610079
863944
98795
5392
695760
166569
133447
774960
904691
266049
354908
60928
551234
967960
680789
22579
679373
963041
406511
405277
861819
45208
643085
11810
442222
922036
873320
575807
520581
750730
161699
713268
885371
842110
952188
329101
114156
207462
556191
579084
509112
668733
289429
87029
775424
331072
903769
171062
229390
257000
706187
424432
826193
559941
60862
250086
709829
500532
218988
475713
135025
263485
306057
28669
863114
376139
303796
921588
383733
434568
541450
329989
154282
192021
297557
197857
7860
797219
78050
147826
289108
549105
71472
280551
313862
341282
849796
947936
756443
124410
528346
245619
421509
302197
108981
11545
512305
55556
32472
507769
507791
925989
110733
641614
291629
909789
647138
473975
901249
872981
883700
6683
328389
652750
599779
498550
297597
138755
693157
773317
677204
70362
575350
243978
301540
5638
191725
535100
656213
199484
782954
199631
606365
102607
463340
376731
779685
802602
99391
99756
173068
695018
870930
762661
678468
981910
907686
787537
189850
436667
850211
551752
569300
570600
432581
74170
191219
40067
845363
784283
86744
531975
96368
693483
185731
585947
646506
650272
863030
718607
121392
761971
3192
832053
234817
788804
420661
116442
341504
987115
188227
842656
111683
308316
310207
654265
850698
980854
532502
85954
308556
260072
342816
200122
619949
887872
962598
909149
166221
760210
897860
370849
613242
352001
650602
633612
482501
56173
908092
933936
941746
854329
275481
36740
664905
748343
404409
896161
572553
231539
865392
62486
743292
595993
247375
778664
425254
402372
959017
463145
378647
206051
140851
465651
179168
7818
30981
958530
152930
285907
884285
278827
197698
171438
132227
506365
832504
89100
346086
232883
709319
447204
862757
733586
297607
190305
75723
715493
921950
451624
217393
616083
273165
216649
637479
900122
495078
623105
62446
450218
174363
206122
38556
714400
6834
498112
736866
743837
367958
330192
886763
235331
371399
918143
455130
633484
415344
715828
31542
698246
978201
718371
753506
780527
36019
685751
369861
221545
703697
565339
488520
224409
110902
524646
805437
779362
424329
440673
910941
876921
755493
678709
15146
801445
394061
417910
754611
857430
200188
347334
772470
396383
120283
614439
31519
588496
70988
780385
889583
508724
389795
311948
854776
972836
465013
39291
182660
360006
166472
951301
453590
532902
837930
838257
743816
985198
383261
969789
134163
106565
543087
899275
276077
673410
324329
926249
807821
465228
186205
342523
275466
482512
99362
393543
642593
642909