431131
392764
211249
948885
969971
87526
21506
796919
255520
118094
977183
67503
955277
572293
164477
678033
688457
576171
268744
572210
241401
327864
357227
462914
411244
515242
146031
307459
917388
298247
356731
510757
472431
291086
748218
177728
835213
708094
490714
781165
362380
168066
299824
412738
593976
700535
2808
16936
470158
748444
627194
524441
205559
764757
977161
564411
725714
204060
28262
626004
25898
722820
327553
426602
809095
650795
992799
329720
183776
669500
682391
967502
641454
910430
427574
273734
80987
582461
90626
112094
218201
812595
661404
257143
337808
912594
714110
536745
500399
774480
523748
877697
829924
513296
986760
924824
48230
643977
945477
173329