431131
392764
211249
948885
969971
87526
21506
796919
255520
118094
977183
67503
955277
572293
164477
678033
688457
576171
268744
572210
241401
327864
357227
462914
411244
515242
146031
307459
917388
298247
356731
510757
472431
291086
748218
177728
835213
708094
490714
781165
362380
168066
299824
412738
593976
700535
2808
16936
470158
748444
627194
524441
205559
764757
977161
564411
725714
204060
28262
626004
25898
722820
327553
426602
809095
650795
992799
329720
183776
669500
682391
967502
641454
910430
427574
273734
80987
582461
90626
112094
218201
812595
661404
257143
337808
912594
714110
536745
500399
774480
523748
877697
829924
513296
986760
924824
48230
643977
945477
173329
29871
501141
77533
10030
934984
141912
162710
863247
545276
552523
742847
308105
207598
324452
294032
512671
308807
557796
930607
755680
330247
111229
234959
135324
222653
42333
582323
617924
476434
749403
142353
198173
226239
167933
446673
459169
890526
473443
136628
56434
1374
35028
656722
12924
349905
464804
46779
477094
716448
455742
901631
178036
5022
540756
945482
290300
772601
341152
562343
629442
942285
734997
992741
730611
18066
28071
539031
945530
559030
186292
766325
434435
28742
471309
807007
791882
230213
896997
660930
325343
774047
253590
768211
243000
126775
523786
204537
581746
918493
920332
563399
912294
195867
887979
601767
569380
46190
479944
539794
263375
16210
676669
680379
927189
401270
662378
610123
825992
184655
226781
590151
673694
900489
881949
482895
282306
974360
643732
997184
530324
821676
524182
571512
187844
812674
561554
303417
399494
345175
595988
586406
546418
520119
263348
356267
313660
761588
308511
386554
705291
702387
551487
656432
34231
405089
862922
685142
89892
585731
312676
784194
280246
395882
789426
252254
738096
803460
838460
874816
177132
601359
576510
856761
277817
241065
518348
129066
452108
180100
866207
641295
266341
900789
324032
996511
340160
878187
217807
117644
65843
891068
420400
980453
444138
896411
902867
969820
465789
226726
674591
297441
711019
758620
477883
814508
778038
945964
411576
993242
563994
955048
700190
577135
666667
455961
495570
785914
858634
741867
160353
972566
839939
30985
733675
999244
290695
653956
581614
491606
676801
905388
545006
650495
247510
818689
891519
542630
206782
705987
560303
841249
953594
584742
69138
975037
19697
893858
750954
220772
625387
539110
487795
746008
182057
340012
140489
538843
918814
465960
470519
218225
228558
793242
20957
812861
899330
152707
897213
136008
493733
303924
292578
331681
330303
529857
661165
372766
201227
16597
408381
760896
946742
866719
241082
636853
261367
31530
160895
82166
323589
1803
992993
327953
269946
314803
561888
100993
398146
876516
450922
829433
717951
886849
201030
325056
762877
278718
904547
447093
830861
656694
830078
663348
678144
13979
513834
773969
741442
933511
884543
638721
932432
996338
102689
381209
27095
2109
525868
133614
239851
286250
497849
119194
416096
932975
157776
916448
556489
39135
435754
759655
424970
984712
693409
162787
348060
212380
79542
85905
675101
442055
109439
503392
483986
940895
939499
708653
566202
457722
460403
312231
153679
390361
36319
489298
470108
12865
270642
937639
827126
282282
924468
353560
44760
726609
609498
138544
862175
754600
585747
64345
751518
656558
325617
2807
475295
915481
870066
357426
569527
163758
677099
528466
62149
436531
972368
294787
309255
766717
202402
735991
417048
11235
801205
484714
795722
869075
151325
814017
536604
44674
762677
522892
924824
569151
128971
676779
369996
598305
981675
951820
219234
166175
524935
872722
684958
18686
441472
315089
109876
290469
594835
324726
122052
750732
498531
785668
854899
856339
229343
844665
423975
99183
937231
347727
329566
566591
283776
349214
858412
351101
477002
334110
930895
23311
947387
569675
764528
858749
273826
202849
87481
90814
241337
744519
292493
294315
791088
760392
636968
725909
941970
183612
190549
12338
757654
243589
479558
404658
699013
248565
525843
900016
5890
316045
325650
760515
836283
496864
451855
390517
992171
315351
8552
30795
397065
410957
33544
689027
165584
802778
651646
186716
126444
590573
482425
741263
674494
955283
917090
945947
733260
985044
376534
255806
348936
661436
535679
892799
538683
962807
666830
214504
567630
892374
892822
491474
321269
156974
426376
10200
675129
905823
16263
734318
999008
565554
842791
469642
534138
935452
112839
566400
798923
610079
863944
98795
5392
695760
166569
133447
774960
904691
266049
354908
60928
551234
967960
680789
22579
679373
963041
406511
405277
861819
45208
643085
11810
442222
922036
873320
575807
520581
750730
161699
713268
885371
842110
952188
329101
114156
207462
556191
579084
509112
668733
289429
87029
775424
331072
903769
171062
229390
257000
706187
424432
826193
559941
60862
250086
709829
500532
218988
475713
135025
263485
306057
28669
863114
376139
303796
921588
383733
434568
541450
329989
154282
192021
297557
197857
7860
797219
78050
147826
289108
549105
71472
280551
313862
341282
849796
947936
756443
124410
528346
245619
421509
302197
108981
11545
512305
55556
32472
507769
507791
925989
110733
641614
291629
909789
647138
473975
901249
872981
883700
6683
328389
652750
599779
498550
297597
138755
693157
773317
677204
70362
575350
243978
301540
5638
191725
535100
656213
199484
782954
199631
606365
102607
463340
376731
779685
802602
99391
99756
173068
695018
870930
762661
678468
981910
907686
787537
189850
436667
850211
551752
569300
570600
432581
74170
191219
40067
845363
784283
86744
531975
96368
693483
185731
585947
646506
650272
863030
718607
121392
761971
3192
832053
234817
788804
420661
116442
341504
987115
188227
842656
111683
308316
310207
654265
850698
980854
532502
85954
308556
260072
342816
200122
619949
887872
962598
909149
166221
760210
897860
370849
613242
352001
650602
633612
482501
56173
908092
933936
941746
854329
275481
36740
664905
748343
404409
896161
572553
231539
865392
62486
743292
595993
247375
778664
425254
402372
959017
463145
378647
206051
140851
465651
179168
7818
30981
958530
152930
285907
884285
278827
197698
171438
132227
506365
832504
89100
346086
232883
709319
447204
862757
733586
297607
190305
75723
715493
921950
451624
217393
616083
273165
216649
637479
900122
495078
623105
62446
450218
174363
206122
38556
714400
6834
498112
736866
743837
367958
330192
886763
235331
371399
918143
455130
633484
415344
715828
31542
698246
978201
718371
753506
780527
36019
685751
369861
221545
703697
565339
488520
224409
110902
524646
805437
779362
424329
440673
910941
876921
755493
678709
15146
801445
394061
417910
754611
857430
200188
347334
772470
396383
120283
614439
31519
588496
70988
780385
889583
508724
389795
311948
854776
972836
465013
39291
182660
360006
166472
951301
453590
532902
837930
838257
743816
985198
383261
969789
134163
106565
543087
899275
276077
673410
324329
926249
807821
465228
186205
342523
275466
482512
99362
393543
642593
642909
130717
594781
47893
534239
740661
627937
319537
848374
546984
27575
59049
213106
307132
78665
138719
179693
787597
746487
369857
240005
952709
364636
464143
343477
852459
996282
27258
718160
955218
836993
942120
918873
739249
13697
657557
80257
41875
658601
320787
614398
543269
510203
259249
440772
858605
464462
518970
170146
642266
8063
372693
228220
347958
630005
644106
325601
496823
662864
251556
988744
816565
653934
216945
344364
573623
939481
193446
391681
477606
119248
904543
18321
795235
500913
489221
507640
494516
228288
646025
625912
696345
194070
80204
624826
22269
185576
477153
420770
514952
35763
947178
645005
887825
574401
287839
213738
22833
169819
811565
122738
493875
563212
938490
168133
165927
354253
532231
235555
115030
552850
983343
480259
600783
984624
861580
789267
955488
709481
491449
713613
220576
692630
837489
191667
682089
211439
761046
588455
604964
869370
934990
658153
244157
382414
572296
566317
487733
777027
379677
176472
484949
835577
939537
265751
434304
988161
936760
667228
521378
673195
212277
157046
62725
585644
498398
965580
655874
987180
773755
147638
882772
821930
369069
927545
626696
943821
106476
431644
30480
257480
574889
300203
811704
290600
294802
745928
185712
213821
477684
186920
555079
115171
416698
829233
714745
168556
33299
912239
231199
6251
602354
98285
628036
529247
791471
462774
915672
497659
486539
519528
490238
583822
850896
167793
516160
565204
106327
412137
839522
392216
242723
900044
565204
573508
139115
265682
12800
353159
331125
915053
201540
174305
587870
468703
296634
800206
548214
767093
277106
442637
739080
692195
953217
448651
411511
593981
676467
276081
89219
587344
323099
239239
67883
609243
472652
115715
104173
706413
733472
618802
100265
935580
779829
296578
538660
879839
686968
768426
210087
25353
944025
330230
484103
987427
314974
822578
120832
311652
632019
592754
829243
271183
795487
692157
407535
469161
108531
658324
204899
967318
155419
598498
969233
477584
579383
839809
803111
281602
974531
883878
631271
609671
727313
95147
618222
116986
576601
799288
401489
158073
423975
675404
798115
814011
895858
932141
248275
394123
206093
801834
244658
775649
623670
138186
166995
509211
916748
805011
950411
716125
511582
816568
55768
828034
153119
253792
263390
685629
792437
111695
812364
165009
166960
290675
520734
913961
399064
346381
72315
553876
119071
471866
207998
213345
185397
898014
982610
610900
818555
100076
474166
366146
388495
268819
373216
50126
484998
649032
115454
519680
829367
962924
563991
236031
322740
118363
930512
57451
249044
982289
612235
175961
583084
591992
926122
10028
424540
361362
706417
163148
932037
670399
267593
793862
694808
346796
906145
108800
339914
712024
476463
265239
130468
135940
131669
211351
68598
850551
138270
86486
515691
784683
786087
272621
654392
530071
107738
74644
720750
33050
350550
760025
754032
96641
23467
399485
803582
258869
281217
947947
738031
335748
170456
416086
486461
581514
224489
36206
338746
981627
676652
340222
213217
194256
260339
935973
273480
576268
928051
844078
772593
947178
400035
982671
51071
368741
372926
521211
577477
507811
864610
742244
230010
618431
692058
742032
778825
899314
499257
865815
607621
776285
739869
923319
140090
914549
356691
877843
842462
259979
270553
321358
126823
847799
761470
209216
245110
676128
596198
402068
696241
24299
797738
67070
876334
898558
689500
565211
567178
584752
15848
594022
346202
59215
931669
966804
933305
269133
70379
21518
656257
149383
788591
996233
292053
744627
873098
588483
23066
439590
326920
700059
36741
696128
80763
573005
885903
594357
262208
534922
295494
332472
470169
998384
56701
150086
426874
564779
725988
531084
236127
403559
184050
940853
456218
938993
407550
527124
332587
984681
232109
744875
155399
799782
429126
485910
289147
906726
172066
204055
396586
734064
924351
556543
266674
792585
692851
71157
190189
736334
535677
424422
67219
258356
655479
645449
389757
194906
692647
117133
849732
249416
678646
116066
931144
281799
178104
264609
788941
940252
920745
757785
510719
120610
469433
385527
139542
680835
560446
932881
641300
546963
255945
146895
195052
634761
242387
934454
805821
999066
222357
98130
135099
915636
147638
108928
578799
644436
894943
815317
552405
213892
592363
979311
908323
529589
31482
488726
809641
417716
570788
592142
311827
706124
796939
917563
532748
809913
316362
229169
700989
193732
967242
301272
629939
120768
292915
793080
227807
732383
963774
134631
603190
818353
583017
186828
857977
362939
863300
828239
222863
870000
39785
972127
948558
258895
378313
176543
835480
431384
818208
335278
635234
949740
937482
482513
139344
148032
780528
86848
110204
319613
31194
708042
480086
523256
705001
99813
261477
388937
281052
758550
628012
534858
807247
269305
673959
564462
36485
793198
437684
129467
866714
305120
171599
272165
747803
505587
404790
517065
819441
431881
419307
980866
515704
246449
297624
632236
810221
835886
751244
294899
227078
19231
301476
576406
901852
560399
527557
41662
702532
926491
654277
54005
799483
491708
615849
228293
515519
354417
998153
176366
428922
222346
34640
601090
656793
429394
857952
313377
232956
199258
925906
669581
997126
107870
307675
769577
526291
558103
129994
717715
494409
279324
940525
881370
67528
150774
732499
541598
146747
978431
89709
473987
544208
802805
527886
140753
551172
396832
875922
558124
22679
839070
563994
386027
815327
546120
161013
642198
137145
701379
178906
805633
128858
135845
748625
680575
529219
881729
342578
777221
308563
771089
733830
484765
473334
573503
518730
588163
761339
443856
255441
484704
800004
117549
459465
414112
540886
976912
556310
328178
714129
230983
518426
372252
547641
276392
561174
765880
48946
518546
897770
606030
501899
914011
348792
246607
577777
115291
540647
618604
976708
914900
511747
113425
435398
749948
235330
484482
542639
736553
164258
684304
287583
344857
138605
551287
532651
642714
72286
957591
560536
375900
321822
431245
140518
387025
296039
320622
336963
585470
511306
989536
83553
235490
597771
126740
547233
801471
746410
633123
483310
676233
848189
634500
589927
207914
781176
847016
764276
880816
290895
214898
402682
559700
540914
191766
861545
778408
653559
678541
702002
969756
360086
126258
483734
757932
7245
748349
593690
455978
943844
760857
42711
523811
978571
228643
318189
492657
279007
113793
705112
666781
13707
324061
151835
403950
666827
626173
809368
859155
23308
626561
767873
768680
227504
861880
658729
646440
830957
737886
816692
10864
459541
877238
99693
978668
685168
92352
363894
904992
698117
979032
410586
328469
736696
376875
694399
684574
738253
549910
52983
375685
114506
343901
702133
311191
239995
14916
498780
59849
409871
726669
394163
225478
521568
6543
16565
248726
174224
813360
810629
175468
180687
458367
328447
831948
746936
755440
280042
926871
376539
658549
558473
671988
877334
523189
90193
247965
954716
55787
589940
471875
137623
865246
927964
412063
556778
745464
153331
516759
532367
915078
997087
421257
910752
112395
279883
96502
842289
70721
396065
777358
836058
827885
393044
981140
248978
207326
439001
573805
896054
61890
455541
772619
180010
812004
492977
880241
320598
835718
615211
201698
111890
832150
27655
751530
75228
232081
207490
59912
715078
411185
492070
828982
419949
38228
255258
480855
162659
564651
679057
247996
696750
794267
919075
474899
474666
968179
636344
574957
485129
682698
197280
149226
271931
727925
119553
981956
235049
278307
392296
137716
741594
126997
140160
700036
970360
181052
433056
181939
70893
56816
308478
409150
265320
579211
486913
603729
615036
21216
454197
100682
401575
627419
562392
199142
348207
477431
979281
657994
724328
702934
953984
916400
173971
538752
529072
213612
560545
6202
55273
548058
600917
897794
986339
802470
754311
344166
172564
337784
981828
799934
134890
390010
353683
262604
648917
132935
945939
41326
531963
350833
8704
474941
49103
789615
352340
501894
844796
830754
392265
951459
91067
752194
567741
905589
251716
605289
358639
360447
987936
883068
758758
536162
932573
340274
723889
534769
213659
965442
846857
841840
196356
493
38994
635246
25433
762917
835712
928380
501479
536985
280599
694409
904472
376990
243275
775899
306469
46779
78277
271084
843433
386001
261191
143839
254417
643621
977510
308701
251760
682124
919286
660497
447343
695090
662149
40252
921506
717894
422333
811189
258805
276869
344045
521281
975109
202722
146593
617675
858315
7695
180205
629248
566003
693163
83657
682569
145483
356168
945174
750630
937302
320407
511487
505124
473153
13619
765882
3258
536749
328455
284974
558918
255083
580316
412847
352671
977798
406466
221092
492374
994937
218074
657418
983438
842369
732223
43921
805941
305485
307791
276132
755550
957267
914905
880774
933245
636412
674085
774936
190014
715967
50970
348535
349570
345036
736912
28162
684343
289950
881587
787513
117010
634739
696592
968961
727980
829272
608703
593092
165366
183069
898157
418741
127835
431593
884805
171313
475569
480870
875963
815617
26586
171740
603061
331644
310781
320604
874582
192137
733980
825170
386663
14658
669011
524990
591652
129845
147436
656188
356641
760644
125729
405759
406359
91948
675183
161180
703375
296866
868691
509250
915306
3033
681508
553864
97995
514209
268300
534559
422753
192489
339492
65703
912852
198693
754859
365661
231435
761866
226339
562353
437784
343478
691273
352821
464769
349358
768431
429298
558700
470335
2359
186645
461478
690949
691054
703879
184080
685322
837250
956186
963494
727046
645026
650014
847981
462021
898801
898900
804601
330790
522022
508026
894680
917311
325058
645573
399326
748766
814703
778093
812878
605546
126898
969762
557474
713513
60685
960412
290616
333467
369076
917200
81625
37379
54889
642878
391782
326149
228022
124199
537377
926186
966279
805597
252309
222913
11361
198834
799460
885345
967491
174994
387051
947593
775191
757933
929043
622312
75029
649612
427895
500728
19253
420549
504685
826052
524238
713418
186099
671435
259664
28251
50360
743997
599323
839388
524548
858338
146233
157121
438084
193818
397247
735973
10294
928255
944827
755514
919277
300838
616730
338971
544705
846597
56217
688510
823639
346478
503206
159173
163529
152569
753491
440499
309809
529985
879733
256251
969175
731524
285471
6452
839477
81582
897014
871402
845283
799023
962097
272398
182947
705096
546672
47309
988939
892134
676597
240957
856267
596517
217795
256372
389018
386485
248145
854323
627842
791322
214123
212160
529476
498765
8166
989137
909801
330816
917758
857956
494182
554623
286030
550380
169834
47026
789290
348965
493000
22783
774236
114825
787516
233740
800442
423515
760156
563298
179425
955680
806172
485421
259024
638637
540734
600032
382947
210524
470228
282485
389673
480280
930355
150482
183589
815064
687926
326087
832094
336041
778668
155188
117411
711843
370783
627144
946655
292925
896642
58596
584020
470205
361462
444189
409784
16135
894393
345568
902633
499671
499883
322032
620365
33290
712190
879884
90186
549846
386426
81644
962975
572955
137707
97257
865373
271121
291688
597820
682950
530208
372096
788894
483392
430350
377858
759183
898166
298066
245097
181107
21580
576456
248674
761430
397244
877886
188156
561424
808658
413675
736875
428100
19840
425407
246393
572226
205663
970006
239946
328781
628163
659782
69642
535734
304057
48407
924789
869479
305887
629202
93634
873532
743200
939890
27245
277643
683148
873655
533024
598724
713680
348186
450429
180020
165462
669083
308619
99492
199932
649782
660090
447390
137129
991156
559700
78351
43410
624029
69250
290312
39688
345547
265593
391518
744763
383001
899519
910962
450767
914043
128158
105163
605337
426728
491363
358111
887222
767089
563731
375921
717832
136949
595820
276948
715726
649389
307219
876749
857503
123043
35103
299158
738691
350336
978496
321087
68718
523266
117773
201520
273818
207692
871082
966281
273791
761943
330514
817898
956658
263623
541191
481230
710232
254744
696851
228178
252869
673591
64633
432532
459765
45485
924157
393398
741413
58934
624781
878018
351311
312432
264075
140392
926209
793071
894520
32610
876633
253357
474814
775608
581215
297311
196314
263711
988735
815778
999268
941629
327649
768660
225084
716488
974375
291968
518867
803532
837890
850673
339475
906123
134065
431079
363180
487806
156184
315623
567548
733818
478265
426221
687706
776878
999441
845245
309184
902857
344529
952088
737554
922808
111415
92361
648783
888397
51529
573982
744915
483643
663214
638644
54790
635902
679849
891500
87333
775127
730098
907386
971627
725173
369267
946844
420251
242544
268380
603047
764653
201390
624483
328188
897427
157160
214172
597530
515046
952775
953712
338893
699058
484456
925245
848325
470234
298239
871818
459905
834410
157591
905893
361834
724151
86135
162267
392700
482165
940896
657940
948447
128213
537844
342792
207892
865752
21553
995106
638539
680181
706842
903855
951441
238755
640118
175619
481446
124100
498482
165993
705197
159598
179745
307012
992956
178774
969508
53318
149971
956251
971621
8524
671722
939437
97597
955541
469539
821272
175606
628126
387615
511985
238890
855451
611948
751515
55818
414931
752220
569782
60027
659417
383409
335142
31898
193314
789556
456891
868128
892488
16805
803714
159841
310106
756940
562919
215406
932445
827822
738757
429403
886244
162587
328204
202523
139015
694564
486030
138055
339331
677995
915110
497469
983022
514131
910789
464549
99733
639317
503066
266703
387252
966708
229214
59960
211857
381001
560569
930988
877045
618488
552212
878469
680968
564483
148092
477777
465096
338557
415855
713170
355877
209558
950151
475615
604413
825301
755136
226535
420975
946213
357160
845781
245918
199430
736802
820560
269572
545252
621398
368666
378672
855045
996921
662296
484061
912091
211444
771632
738225
845177
828403
302990
239311
963043
958157
28866
824537
242814
293899
415875
331269
768614
417687
299799
290330
188446
880195
560970
189064
892194
176178
101147
76386
652121
126887
990135
857145
133542
261672
605405
292822
876638
446478
456032
73939
393364
278508
635659
602518
813903
98266
583262
650155
383453
19997
543735
606718
630401
383796
354188
709234
572999
922433
468181
356576
51641
445715
594118
478127
824042
498252
78010
521804
42415
627956
235819
804230
20205
36441
536926
721545
289806
604768
264604
108725
371086
456621
17498
149467
874801
310890
943482
415700
430935
517944
330282
713469
764711
261936
678571
628306
407785
424020
728684
763622
705904
163416
764756
103228
775412
526662
524063
233862
11390
446866
488224
463799
577148
312442
862564
801287
255668
537177
712503
939395
235606
348106
777344
325070
152810
108723
780295
790776
786152
296437
110167
196472
112998
831790
925119
882377
690348
378217
421874
697759
388643
623715
521806
45253
693228
758395
359866
598869
354382
984053
389096
373139
4167
265578
821370
324710
739139
35216
961537
742195
188202
473698
781472
958231
904532
226924
115599
988353
286424
856885
942907
693675
912066
411464
463179
733043
583714
610913
141822
604250
197185
510065
2608
105880
184047
50958
462331
640857
991992
216954
12026
108696
121909
913870
756393
691799
368894
54724
197672
221176
952765
334366
916639
230395
78046
177141
489083
171157
296866
931681
567509
236009
998355
13058
542196
940325
275474
263977
836265
212412
474764
117799
532761
62331
782411
987119
306199
545098
496744
766634
432111
924866
765407
993112
759232
881317
395195
287901
693057
640190
436528
327728
486436
82646
92743
903067
286871
595536
282804
815727
638375
641442
496899
970952
930751
350832
659121
22713
119951
851207
423063
402067
638024
383026
973505
730647
834499
712701
304669
53686
286977
617796
956431
308160
681805
659446
61153
40625
549118
41964
638360
513173
144729
221408
451618
713364
393619
631435
796075
136414
917107
328543
89550
28787
374742
368734
861672
717775
604492
589141
665097
183473
522528
285177
576772
373959
636982
327388
659558
758392
926732
574284
987779
742925
672483
533641
654572
304637
709751
7200
956796
243603
319657
542952
778002
228734
280830
917592
312025
738037
122240
689284
216898
791301
107138
434034
459859
582648
46849
926621
195865
184676
517286
847493
898809
160013
344361
772145
65509
499320
519247
285635
24170
418189
340051
373494
445797
247207
17699
902262
742357
533884
379521
882395
996748
981284
143626
868612
57088
460487
5204
186444
324990
166632
124464
167148
464318
450504
520590
734765
249233
454648
541248
250503
501047
986303
514199
125659
834253
220195
239530
84874
162275
613976
898677
446000
894956
884290
564317
528321
764046
324137
649617
849854
905946
175224
394317
128403
894166
262642
535096
928208
350389
857074
682989
394306
984232
285917
584855
779118
960845
483302
364022
134441
252614
485437
728510
964503
483109
757269
768734
105470
132483
851728
351518
123654
564656
580938
557857
640015
805060
499263
353866
19311
922004
367898
543483
147590
870016
292059
993593
817472
802538
991523
173228
703911
915649
765471
233282
150627
50043
730447
141298
579791
537569
808690
814686
712312
449604
9360
554513
166324
630093
974947
897320
203933
538930
5923
380686
248809
389
522413
792352
676199
944742
820623
313327
792344
397657
914162
736739
880552
6194
937317
707196
633607
271213
826754
431540
726441
725914
616575
147457
935958
857077
787283
506870
569262
846804
45442
956937
996541
89849
997831
945327
387063
905031
328413
657188
683088
13074
166763
926535
119162
914511
710730
282721
402044
123370
854068
802566
789484
582391
862666
517908
401225
608576
601921
173592
308343
526716
73259
396945
125911
543841
228510
50444
644482
357073
364931
435054
814243
695727
152573
179088
58990
275285
939763
731076
685633
971166
723900
127991
371861
689566
721382
949423
533409
697905
749859
427443
895307
15537
789969
309577
149131
508737
222372
803994
748255
545670
77107
391538
643365
864246
262363
612132
149272
650120
812820
163594
47017
757899
878094
762602
356025
556243
453319
794933
564977
92237
42284
439529
759999
723700
904873
471254
803885
476956
421007
597437
935519
765548
278689
128979
829993
467369
55227
541350
305995
474413
172448
344535
304650
28918
692766
191877
378028
853402
717152
631882
306063
720856
44816
366687
178022
8651
193383
871259
802321
960120
304978
275608
458264
802310
610882
378998
92293
957901
126545
181049
142875
594502
903564
943182
877878
308323
442401
556779
400000
669304
793446
765524
653133
304982
552963
327353
889108
194809
844286
671484
465867
266391
730465
896273
213598
469848
6602
172991
832459
897509
335503
847043
154397
591450
351627
505875
110786
97941
415242
632576
510091
633840
662861
724084
573825
852875
977914
587035
349150
702018
707875
109855
464431
894910
615153
363659
537796
273447
978157
810001
887184
941111
42794
690983
632356
829482
257875
824395
931075
233489
118029
487144
920609
104902
196936
847377
218557
921786
966247
54954
677848
834986
964745
252773
957776
936305
290036
997930
36766
103926
470174
174480
530537
550213
838679
584072
501764
840124
273558
540634
938635
732188
181086
848007
840789
674943
170572
220108
155478
898024
897280
310408
723668
713910
309926
338421
455748
737459
684128
298770
194753
410313
176210
14945
150952
536788
535945
564940
694034
751123
442184
49507
796463
612023
770993
377792
416955
641438
354381
633228
601376
494809
196088
456666
987944
251625
910508
289201
917149
441545
658728
390183
306880
501669
165884
859944
246050
303400
300404
273366
733858
214579
875230
703563
247491
169769
801722
76665
547304
993767
43198
118899
324975
948113
426051
635396
404648
370056
362255
429501
214641
308663
240000
626701
418863
523661
426641
123848
444395
913861
595340
660746
150790
347168
683276
766773
204826
812405
620654
44117
345839
233182
566356
284581
546199
234068
229781
205099
208231
648725
485124
790846
772882
977153
1116
684584
8803
688197
585221
686438
459543
507310
681733
39244
686292
136863
780486
800837
49674
151070
460351
400440
964581
611080
783170
835207
540524
598821
598626
743601
559033
892438
601407
236823
539989
956459
662832
10652
996271
923089
289035
211365
972921
281192
448788
858624
776416
443507
944511
669857
584422
779241
848867
600263
966813
494696
527486
378109
141186
109961
376095
551036
707699
483854
718196
593645
648590
577016
170672
657997
853224
291126
21976
487466
63463
111991
767531
501642
928061
269664
102572
461162
578945
895194
367565
905764
156715
373122
37434
416042
560940
487684
286079
107694
80680
622530
578006
51428
541009
171693
212561
544735
264225
698359
710944
829080
17012
999583
174720
741710
789119
370603
520129
671687
4785
477876
367473
702900
960036
572507
399658
622962
595328
924825
449717
934253
708525
61429
646426
218271
104178
165198
762118
132342
404847
920856
250454
277204
68019
731108
243334
604656
46779
3735
666673
630617
927944
725308
385988
460955
744795
258742
847939
242490
47376
801102
139639
439579
189717
500971
549683
281539
752325
493151
709570
298102
900197
502429
817968
728833
266297
499273
570801
990868
215940
435432
467761
834759
475099
340727
169272
600509
594917
854999
272505
899942
599217
255397
375672
818078
513652
62312
285719
985459
264670
380068
354811
372420
368919
840011
590943
187268
112539
962195
2869
250590
124975
365283
201460
454771
523838
335974
911363
586494
187413
41090
354816
471641
937848
652259
790637
123928
837407
450865
114103
101459
309264
381600
86181
886594
516506
689061
221914
234944
704427
584710
89670
388786
742543
264330
879151
721409
48069
133584
419096
151683
573440
36860
527499
269687
262391
102668
501128
623791
637993
231752
990538
198472
852657
400152
339634
223829
461249
987440
329747
12762
945854
643238
581209
321268
799864
859683
205334
580758
958532
996792
206314
6894
899384
369288
690575
480230
143619
166435
470399
391814
465574
181044
327362
487734
739347
382992
809047
209633
93152
837678
618110
291126
70504
642934
933024
276744
754047
16754
21788
614997
892815
980257
932144
583524
358868
636202
523903
753671
634160
157934
39748
888768
294187
748918
749588
451200
91659
26443
936905
605451
51020
487589
75537
792759
712189
463803
556945
635666
997815
120697
396151
297571
238842
757776
154075
295497
757733
590183
588625
113793
312722
698863
984717
528771
218700
278484
627891
511755
493870
195279
623419
894517
346969
51032
802686
443713
936721
690169
245535
13111
410292
51710
998616
579300
238681
552457
104992
768130
440769
800834
188342
51509
579004
808939
158029
262834
683868
656657
770644
487034
382286
250078
732385
552708
125466
932684
888505
810745
140663
447092
857982
229401
703243
979652
384694
612667
874879
362127
719604
619121
445884
88191
953893
355786
817220
759973
624633
888369
477871
786097
696683
150450
350400
155197
266415
160669
455331
770947
495352
695811
558789
772976
532515
590173
42960
883344
984323
486925
157250
868968
619401
755516
307433
567202
540688
645538
941117
500579
30659
88099
356057
940153
616172
961367
529176
76464
953369
935522
805320
52163
378541
269762
89358
401008
356480
472424
16662
372836
833524
101373
872052
95318
477845
190085
250524
430640
180460
769505
127738
327911
850017
711278
331055
553324
606666
935179
366057
46906
436756
71161
134430
948624
163916
297755
146341
305721
948491
285404
874545
589190
692284
853231
666218
678302
147851
308274
936362
924844
927340
710892
612561
548278
832197
620789
207557
796622
431865
362421
191689
834785
779218
661636
51321
802092
125258
551025
960287
527567
465526
672094
599990
152506
872272
208969
77625
537796
398431
719973
147622
449434
78469
458086
575252
548308
942181
913372
750766
555747
457455
373431
440075
781543
766217
171497
137515
438685
588891
244969
906129
762614
71159
634579
739064
474882
450788
475756
351347
65099
766470
627268
573924
849855
870699
445556
54104
756868
436148
705735
34110
841328
340446
548277
787266
293009
391980
234506
339723
809126
968947
696294
83405
197553
443201
932701
58187
736100
547371
423678
881837
672248
534002
129841
857465
30109
835473
797306
565553
435788
461990
228378
420617
471160
782906
372244
459844
464034
596591
933901
558634
460364
364421
392013
636008
207941
964489
792162
26500
224227
248282
140771
244859
509199
918745
660818
967672
45754
527917
820379
621555
8494
213871
485305
854373
700863
510137
56696
782051
160160
930630
731157
692382
201746
237830
408321
291638
301750
731073
984004
544630
208132
946469
771519
888048
861780
644846
778506
672502
549786
266928
104699
50162
701103
160644
737800
654819
224650
862285
983492
187061
396237
627558
654277
72699
315131
302826
724967
509963
762632
112735
213545
79926
887497
231295
488180
91106
815627
570277
670332
887814
784191
765841
585535
730306
590611
959128
168555
170201
993691
159467
253149
237964
524910
381633
971075
126804
763342
297188
275042
530363
734719
98197
331635
917271
194872
389981
763817
839332
666295
14578
914574
705149
924399
937602
597835
966263
645405
179614
173638
901146
437305
516806
503718
661949
852871
435469
671026
562813
40652
161001
86487
864857
392670
774425
822664
496237
256981
360691
943552
581257
915486
979721
117795
617710
903981
426999
827778
472548
525714
428812
965629
65147
599845
531091
382467
426908
34268
791357
366710
362634
21627
453036
479145
305083
69610
590622
762059
216653
708066
846388
633885
965031
144257
398366
613855
71917
657662
801062
354313
449439
892726
186901
255541
533071
98661
31813
543002
347581
793776
412101
36530
553104
386590
754082
869885
825395
568423
690904
919711
297802
597093
749525
873893
328080
988711
595366
104037
184463
844581
80961
653315
621754
673869
74734
245904
206570
448700
540306
73164
152372
590344
865753
317836
13539
143546
792127
313143
450967
234713
548028
332906
367673
761441
865610
59068
230937
410899
678548
522267
301287
342694
964796
11861
564491
993371
835145
284403
447393
789934
760556
801216
177812
447080
574317
445095
28822
694033
972727
420602
734585
860291
182140
574223
844205
729050
28422
712453
777047
72200
920732
30756
140298
452357
130253
519586
893604
320611
228060
632450
685959
14143
490695
581847
7347
336276
440950
287527
682685
380969
827453
147114
871406
413739
229646
554354
562939
505301
252478
73828
944028
100043
874802
325067
805639
71526
470159
743642
800106
188761
155938
212657
163700
853593
395064
606947
730575
146534
129904
741805
194886
154950
439405
618634
372563
564389
856374
327478
51861
941606
405374
602813
891680
898250
649791
567678
272239
754491
758079
692289
570356
220086
418357
246514
844176
562579
6660
52218
62110
308403
971046
765625
60266
145477
685604
467617
45952
121780
186689
190002
68510
192881
631735
711758
278603
156056
797977
144440
381825
904258
332759
291885
911493
374822
761504
957663
359896
506284
925218
268682
93061
693968
81837
706997
84059
812527
674741
359239
531829
20530
906486
491076
401525
3156
794674
714978
244367
385873
114134
53452
546753
209068
517115
211378
28961
694045
370312
930699
863310
721430
855284
749096
965256
976369
80937
803958
867932
760760
160836
266192
984632
305552
130809
342079
885853
218114
744020
337679
617521
625191
128154
465039
382964
927664
899790
534308
338955
784720
194447
614538
743672
979078
545182
833001
226603
446922
237310
766095
527985
777363
584116
351248
746315
824963
424494
768823
264794
736752
257664
429096
121717
282576
219977
435796
765853
125568
124596
405591
586120
500401
468506
533297
62233
948144
197
963295
216433
269584
355856
95445
98335
406901
847786
508763
140915
440832
483961
199681
929008
589202
234331
489856
531743
40063
757191
751983
533376
216721
318994
579614
561116
532278
958158
163539
95926
619527
253901
988703
133343
175861
373507
858587
609449
669714
768265
449476
550579
341306
546686
327472
412900
204572
897160
312365
219443
812200
166840
101941
473186
584983
256268
284431
872458
815890
452045
990788
91090
372928
406745
574076
625465
250799
473019
756790
615763
829214
548278
521377
449489
522980
721121
635993
644920
519425
684524
338305
642036
340032
10304
25017
277126
158149
803909
307388
547160
266425
397885
683353
60273
140750
706445
427660
63235
741169
5340
745465
463458
335436
890708
368196
941263
87220
527942
914767
889843
407094
955434
514705
932903
874425
639556
960592
492336
996432
523937
625787
652936
264287
784320
92582
240023
829158
444686
250658
334593
176751
864266
173688
942104
752080
815176
644098
319666
543198
394449
373031
510358
784110
447591
30641
173136
625161
791078
688077
857956
218987
108485
193566
102047
18296
650620
206909
624457
836220
830208
601874
806326
742749
186026
185608
545659
474272
853750
984240
230910
22996
360294
709236
387943
135583
164486
905333
576243
103139
761163
416068
573031
559372
450965
142202
156577
260920
423892
579509
225225
245444
325382
353839
742439
63407
468446
674620
378959
331694
145600
227744
277495
470732
187305
394250
712105
684986
818924
38641
608339
424570
518871
131658
466364
357156
970740
235747
17233
206676
851435
578911
341854
665457
795653
31310
986776
877018
47755
819560
510038
917038
394445
798439
223648
711032
778750
361022
428896
531958
934525
596601
603254
893829
433071
180658
261095
916842
769607
838189
662645
875263
597095
662289
976713
326840
155168
388420
553613
932817
125782
271777
935254
996054
594111
887065
675007
138702
839178
809827
926993
401797
274716
892065
862174
482869
388085
173393
545005
499152
812849
455084
223119
710573
759787
86175
972944
661580
407036
770083
31561
713863
344097
22331
153746
995736
682298
627721
810838
509761
556271
583502
546559
781212
27821
953213
117391
785535
546126
957882
868240
228683
621975
401972
572196
499026
278043
410907
100790
786850
630716
228416
313681
734642
170193
691145
674831
90472
60579
755661
139561
582597
876114
527442
776622
796590
934101
783392
709519
221272
498335
49409
161239
339598
893916
530712
681591
165538
838490
573340
481343
340590
364037
423407
689961
377222
281547
176159
683792
948092
9886
775672
823166
409550
284120
1347
726178
413104
939960
243424
318112
230066
546250
29371
116547
181071
664613
951790
317838
352465
703054
367731
926000
319523
350586
762244
782357
171317
147249
240785
804121
459398
743310
964637
926807
667921
310179
343030
832864
409046
506681
527119
667400
749507
888245
47675
54362
913599
366358
592520
796651
261716
40090
298678
515212
301686
877952
421011
809497
580212
771049
748788
789230
225722
681432
433746
400825
452096
925016
451262
296299
121939
315517
906434
236360
683070
420034
163606
719263
834261
494929
38652
78995
959709
657890
325881
805527
991515
768763
408816
210296
910456
17493
99100
376020
415502
685087
122985
242664
523345
209820
902448
363463
518940
110951
455373
747687
650519
956503
241183
331734
654467
137789
630108
146890
847394
176714
726222
596053
862022
642446
743214
80887
47540
583131
209947
166029
542387
510664
240823
652840
406263
851665
604575
175225
973605
587484
592581
955432
664131
34902
911915
414275
275838
530300
650813
15251
978646
184950
167820
839563
505066
182621
988195
3162
282651
165277
539400
119392
965216
353654
636176
272700
73702
559388
534047
46660
465058
316479
86332
531662
701492
204773
379469
708779
871417
636530
27379
441716
354413
899210
803268
276540
529659
256973
485217
588517
743396
243137
916852
461902
891271
385806
230025
769066
380242
625378
977093
406636
934470
651125
976327
186398
106016
317478
357145
286737
759337
627268
605522
723439
770908
645034
320140
952236
331887
42754
979518
642139
137600
925674
345525
819357
585053
93107
313908
729588
698608
54982
919460
974965
933125
285921
794361
115484
400378
884223
879972
430585
418306
448022
131566
159177
258005
874234
363512
652896
765688
455711
808652
748161
133796
542651
386975
895824
465878
574666
293605
839582
206514
260075
842577
245988
238485
277928
701800
550924
58486
368275
667841
995304
197431
218827
648155
696453
71694
166366
432091
774042
234314
133704
166176
155227
251013
786074
327301
503083
188965
929846
495922
238766
925518
803895
733407
144316
983848
140781
703911
57393
977800
545669
977732
319137
396797
822152
144109
244009
276730
54266
179081
846305
715355
207394
764046
631981
639957
627498
794555
10099
321023
966044
838894
773926
377591
324492
500771
987009
272370
982229
421257
545680
459236
898235
974274
836584
911560
740848
134840
38519
850636
964530
55831
140470
657373
141969
151914
394043
53386
138574
576085
980138
646487
184031
466988
496908
477345
345936
56303
683320
49961
230787
134180
32301
116350
911576
942223
887682
730443
600552
947855
872820
443323
949354
138200
609951
810116
784184
467848
197128
93399
734636
501544
129815
584610
698404
445954
411362
172800
915302
867290
659107
684543
758748
384330
50636
997771
85248
729853
262257
481403
994835
971528
698532
625336
533318
34080
618143
959046
578556
231484
534361
196976
288807
42184
253755
73684
533711
259138
530220
609224
545649
174133
84233
385960
274180
267536
939056
737022
684375
485219
744251
962508
465750
158005
122891
177272
318827
39044
617658
658837
21568
666714
836210
480202
603747
877704
209564
860449
143107
396162
665584
754094
501143
581590
726507
430361
76574
865482
518943
530059
785217
427090
685348
170929
316180
907627
410796
129456
222843
954903
196212
125925
121513
615861
774615
575447
884740
179388
933821
478652
498917
808468
562032
930660
904507
380049
239439
159814
950670
270605
911323
9382
127585
203104
833390
153631
544882
723838
766604
581138
570395
58286
943570
424363
194458
270819
798667
137933
406894
540665
132834
698202
242200
940877
311409
198176
153921
305977
978424
720995
5690
913323
743401
429507
614045
602720
255519
68746
129683
798658
637487
400788
172208
313884
234199
679899
247608
175542
61908
632671
281797
329618
840911
343342
633152
48257
463863
484117
711308
450658
832490
160867
750851
769912
715724
330774
681368
341031
97850
454181
949724
303243
780185
222249
291804
188662
380040
5609
535271
45508
97524
307136
934637
434203
816905
287085
266178
153604
969414
236023
651010
575393
970025
777787
436431
552586
304522
63572
867830
811848
890820
772325
990448
674413
382029
191174
145796
194382
215335
135624
349386
309471
950575
91495
648074
396713
128403
76299
782018
323946
946593
374395
612550
156745
181818
247839
761922
714804
341029
111023
736411
329880
592960
645630
220340
57212
945361
203549
842701
580155
339002
123245
335493
919132
607179
4677
751168
326479
221362
85883
893603
489543
634445
994131
964732
354606
687136
555650
333375
340682
595170
919261
928427
407594
311154
237475
815820
227084
742567
730979
724121
204239
567044
779852
174077
430159
717194
586127
38579
685474
661032
303603
630986
195374
720654
556341
955592
95845
406303
700441
389739
562207
236229
977105
573066
906706
275678
69193
992475
249840
485460
203469
144462
621278
878986
243608
721942
449228
711986
317050
671303
597429
227515
291172
710682
797813
336680
90323
557326
146178
761724
239255
860137
213384
461393
436031
925469
322469
844553
786147
151749
72190
48923
978958
332878
832444
639759
739910
68019
188903
313797
583672
856736
284573
395182
579781
25976
626286
978078
173347
682610
846679
461754
990961
755550
979482
772364
881436
844358
393526
893493
392679
699375
817352
23362
321306
530239
603838
799255
438921
467448
421236
727623
80959
108386
544237
905094
307272
98119
171887
542774
84120
194008
805819
329373
675547
276973
364967
583352
258650
851050
975386
169768
50567
695613
76644
706955
95845
757379
709431
269222
570262
222794
120966
355518
791042
121393
32953
15622
387873
877420
561098
778162
668646
382884
641663
564650
295945
257979
189252
993498
950255
191533
10532
64358
248247
562770
291684
443067
309859
792960
62396
474049
569377
574349
474739
226092
402102
874866
877846
617138
341830
407115
219988
944279
314370
979770
843129
535651
709870
872812
803013
759861
393677
479923
376617
380722
951788
788051
328797
462870
436041
429784
738272
464426
62814
759588
96269
299286
818317
186503
291735
573966
141225
804423
274465
754984
316574
895871
681405
519502
591359
227939
414078
500239
915498
148769
445755
907408
290138
36515
980515
40415
678985
809905
82744
172200
852480
343348
993066
198912
593916
722965
286609
28511
199359
137092
140997
149675
124144
848853
76893
619055
745839
121028
35779
612906
171449
226009
325681
536324
738485
775719
691978
603867
828441
587246
515031
777148
124348
586336
837212
624238
360184
233601
619734
318184
958075
649831
304340
761250
141099
719777
647151
368072
455155
167028
610280
426187
221359
337024
426460
315666
90608
473986
730790
191887
702764
234419
514001
698604
819653
149773
20408
222051
889140
887085
223677
985325
618642
337171
802082
763666
891139
408775
644935
675551
437759
771543
336128
64950
660734
386171
160018
401343
707328
597785
581771
415228
211830
431779
267195
248059
746896
772958
496722
817636
52068
766014
803544
654642
856119
415278
510659
899391
156204
291051
208056
458551
289799
726032
7265
997871
99868
208684
30631
393998
906776
829903
366924
730793
813931
476772
986216
357549
660113
286968
311487
328245
251196
431705
630715
265276
775392
42073
491018
304684
27098
720690
335830
32405
992318
362883
138013
817977
437947
189497
276462
254404
114413
504969
745023
155481
271999
964825
499501
452679
725115
215742
983312
264410
942448
843168
242170
170382
817983
67130
201165
292767
993538
651134
242742
320251
932056
652437
615882
834777
99153
499588
483835
989987
802035
233066
614391
390607
287463
621350
347933
917772
402947
33429
604956
815639
213109
535609
48874
264300
426888
480821
251998
26010
299094
303476
471403
172783
504715
23402
140346
638035
161873
750195
138083
436081
23005
387863
229895
804368
302614
405295
706892
771072
335773
688993
797302
523951
639869
865670
751647
336987
694897
246061
546387
440354
982732
951417
768266
56373
682761
27109
607682
734763
286383
166440
761593
808306
285536
717427
926916
922976
344127
665688
425615
350311
486460
656260
316786
25447
463422
516205
600684
390622
640108
123655
961534
58746
570775
721327
431206
433167
165703
725163
896246
994340
633760
407753
472081
866024
538544
205091
488450
198082
2392
798660
762169
659270
280597
316645
548643
961475
428971
486032
175141
921849
79405
200358
898228
795176
520875
959932
223636
927811
593016
953631
16042
715908
517846
162424
579008
297881
77313
151115
570134
766524
255765
663129
268447
437280
714780
834598
653599
859719
525048
888277
293790
9584
678185
796079
857033
7470
349116
329666
760486
669780
725073
826982
691442
601997
146567
487067
116570
816520
881862
602510
637586
68112
208616
660474
370772
660793
722053
365739
116728
250294
773785
684639
27500
721288
434516
819077
946769
246353
345599
726375
689651
971399
752134
85859
824546
576452
481830
18324
349425
409977
489587
291089
157899
423043
59846
670987
649581
866006
601731
823130
498819
235413
468547
260945
810083
710340
954018
402189
354528
384085
202086
571853
18252
181470
989578
102843
358990
351980
737831
282313
411227
236849
849662
50487
656276
951000
403428
392689
232956
419897
288138
910804
393685
261352
593832
971345
749078
360808
642822
405290
780682
988413
130023
346970
496007
358239
348370
993681
991690
162123
612414
458077
785068
292595
548185
290468
575875
900821
890229
733134
471000
63273
552912
166399
300544
925747
947262
974722
2201
410745
723957
264193
835427
912591
210741
48688
45304
117966
60946
59466
899497
144739
378847
657012
302263
235971
662265
786685
2795
452668
156461
87239
174994
467623
46215
401855
153305
340026
91000
588807
157504
286394
524642
287542
334910
777869
79428
436725
666610
270125
698685
530506
248385
151545
455934
238065
179280
339429
468497
625830
226975
832658
597056
569984
104704
482233
435043
120503
699508
239744
554314
354758
457185
365871
266883
169324
238769
672060
579656
524236
103177
209986
26568
124788
619428
980240
871248
220666
507596
665054
198614
80706
102837
416347
438370
233245
151286
460514
184217
685068
568868
421130
767464
619426
926989
273884
547209
433031
709262
93408
300725
87064
235794
516048
51302
875436
380839
647150
875656
471794
781694
527985
682236
379062
245823
144667
172167
204802
572103
760230
48925
109217
675135
89052
697670
540671
283866
498374
319723
836716
557098
724988
732736
253503
916704
370267
4749
289111
911390
49749
327066
670653
330939
891043
69494
49509
643154
928725
256228
295124
601031
773897
177251
149083
889304
531194
412633
832385
781915
162096
600987
866303
776154
36181
559195
628964
951815
117736
906351
675289
769885
153354
29242
178303
305942
275766
473465
292020
936963
432462
176236
526325
528907
198480
924254
887517
431682
991079
182611
514316
869285
246942
31054
869667
752304
2095
312636
664683
38428
198202
93568
519061
166968
149457
872540
325148
150563
539248
594360
147527
768804
746058
257939
161610
159462
384318
308739
585612
600723
194345
993706
532420
299723
587669
450679
377084
339137
813582
455190
816056
367602
217045
494838
861296
448387
458350
929716
414072
530295
69268
747177
888320
698442
920845
938701
107832
251756
727128
83462
223180
737053
844930
279569
220493
956961
638487
589387
382575
927905
123446
469341
75823
632990
806334
608898
689613
880594
932324
804599
559671
844389
74151
583678
658502
733065
42138
142158
916641
305394
302752
62490
142975
942517
741815
351740
246795
748220
74474
802430
327968
482468
865002
373637
329587
286067
337912
357467
500240
898745
288697
648407
628669
63554
512939
988907
786171
881716
32759
694026
511594
397644
94044
512948
900236
648879
94603
662879
271138
112432
263954
467652
178674
986717
57776
117763
53482
616070
615879
258739
707167
689739
645295
585546
179950
700449
316518
188390
960131
836513
576230
906422
95608
814284
231567
836615
797717
294367
812484
284975
250486
179343
928530
496656
104074
406050
603785
984329
736055
109034
166383
212607
869339
270366
998346
585027
407662
236566
216348
193376
980227
777187
639852
72516
882477
216008
55358
217801
44286
529753
410276
638686
356907
543343
739501
858710
733259
610374
234492
451789
322174
664243
925045
770227
634347
802372
639312
192310
632993
2038
766031
842320
339487
204301
731916
646058
263471
147604
92396
659179
148076
885105
502320
535778
27685
73700
585578
284364
564442
647644
317516
933250
250339
540726
488987
80706
565552
17107
30467
543256
184555
544532
101317
147688
510714
830389
856908
462043
510560
566339
371485
983908
416835
547835
11563
858222
693192
404929
358730
47204
982426
658809
428476
492764
995658
128454
897320
191329
202065
295325
750248
434715
56368
614597
794817
337117
966776
114221
910510
478731
882022
680425
104789
160294
143782
19659
704859
164854
571512
110746
796883
310867
331632
561522
102737
19279
886103
96759
714589
24899
904048
889271
217475
611829
209173
411164
30920
585443
454399
369354
517879
207982
650211
839387
255833
625446
515130
466612
606978
836590
206234
812868
812040
652300
629888
375257
581199
829007
162799
752990
937024
776029
94385
283573
616152
46552
263804
508909
293660
88237
936240
450400
762667
52473
178877
767212
23211
931479
104994
980684
322597
730954
5584
587858
653229
84868
952237
315203
572474
209105
26164
680271
70932
17251
122169
214763
82795
14650
936010
725645
407491
695408
819185
13571
326605
814878
308183
265649
563602
972463
91971
370981
524424
342463
139199
341529
646087
806767
259291
11204
492757
906120
827979
847133
452125
609609
169707
411373
414463
163918
118051
442639
607361
402655
981734
805895
454434
793811
854676
809341
826703
854047
161216
513685
480111
439616
240011
448683
94297
834816
510063
626288
467365
39399
798360
316380
384672
388482
134188
731023
882713
315465
381612
446728
994392
533807
309618
724928
943854
339147
902618
611108
982312
958302
513726
682478
778013
240448
110937
360415
626855
76140
252045
354971
901166
541028
853247
360416
422560
170242
618272
828772
790269
288925
643847
258059
406414
68436
292154
194562
542581
124922
144844
62715
410272
683934
110176
503173
477271
64693
785739
927687
190837
88999
430360
17368
686772
373555
453157
888382
52449
985087
993450
91650
649966
977088
672986
914220
772198
823874
479649
376737
10683
332564
694862
678485
27835
316308
505611
692590
554849
73554
914823
274231
39048
379620
190516
549437
334459
921414
91500
148938
904871
212459
859759
973627
302642
960804
724359
370816
880548
782508
517900
313712
498819
35342
235908
865351
950974
89203
533154
166909
227839
838924
668719
869379
814115
839128
900230
360093
158086
578386
866873
228503
497335
328187
807186
374757
493771
307903
630451
645851
567693
109959
690911
193669
395539
42202
739345
261156
9452
343664
316938
803462
540021
163733
319337
117504
758283
232822
615794
878795
29914
443340
37745
857849
407764
135970
409911
708178
323646
945092
472323
260431
868580
998406
262717
194034
941421
426478
101787
801280
243017
9407
912038
55644
438150
666339
18775
598338
274370
894964
931035
257436
60603
989991
726518
46852
979842
577877
554947
494935
352526
246567
155994
906930
102829
200798
589066
448140
475798
513981
155333
451632
669593
503443
659163
770325
47095
34281
125087
987420
808654
861444
74598
844453
11629
419799
769517
511245
589510
578248
101722
842888
546625
162909
635611
282648
826477
710339
897387
524200
770449
6907
243699
637255
452833
500321
68237
374724
852940
689242
209251
980258
633970
273370
487926
878648
953011
348624
422011
796712
763491
884846
228895
322617
133785
83032
976172
765396
365543
745320
320260
125720
192099
632540
171465
271898
956132
283101
129311
233084
699401
605036
707209
929320
725811
185835
167920
726314
235218
111110
372674
489320
957085
492476
693879
145662
627035
687374
710191
287290
633631
944642
727992
140721
239313
895060
170155
163068
163302
253370
439797
340115
175857
340563
187699
517443
669459
778411
875831
632399
255438
620845
711208
345313
667640
612902
328646
386923
594315
83186
354058
435999
949593
319621
167531
526855
555357
901208
204733
272769
953004
603757
922548
733275
785994
938369
330567
144071
758232
741902
339760
367803
472619
240698
558223
539944
239993
96415
317422
509396
596077
898360
185632
303254
851802
802020
649538
610734
799115
223642
911395
517246
321592
182186
262144
241833
508054
587244
873704
766151
959238
197639
29054
292610
667821
12703
582877
548240
458531
981468
808790
802253
836356
788180
508564
560819
683557
711892
90849
575993
926561
805456
744961
938758
328913
2276
481084
954769
652057
790662
433978
582679
102943
374795
667590
995319
100503
832722
862645
915885
831226
594065
793312
703017
596181
155322
818124
349131
338622
756233
23339
914622
912033
33197
822971
736494
606968
847376
685133
476391
75929
240773
264096
559436
489321
624013
704492
798960
844718
115462
598138
760148
209347
29937
831920
614846
380452
479006
617259
295282
679785
398390
72645
616079
298320
301989
561142
931145
75187
684258
497622
482559
313048
936604
268992
895481
783207
352579
974675
261439
857718
371568
555602
611864
517376
899057
951723
895326
134581
308341
134165
860026
182955
889104
556114
319682
735602
618348
776596
692396
120453
105037
179260
450157
895195
524159
56253
748082
613661
779550
996703
640890
71859
242370
946208
85582
433080
936581
457973
52958
403532
283058
559278
846842
221575
988427
432375
623017
832842
374967
360442
849130
147250
480646
789730
817988
652326
11555
795131
350348
142416
448917
264245
322547
859177
930353
33031
309001
563308
196256
76977
49746
527916
14665
478105
272707
60225
480090
468247
837274
547102
614136
221900
95255
461758
338753
296429
288218
756797
542522
11486
616218
303619
275290
272953
79807
231835
185394
174829
147869
151714
306487
655427
164302
168026
766062
529148
335531
553950
925810
979287
611175
336240
397733
834479
280136
42414
707953
12416
912066
228068
192122
158602
425585
496314
733154
606350
107506
480654
104952
532085
804639
216797
276158
1360
222694
413978
122389
774010
194246
458657
983111
82010
805605
267781
182193
635461
74512
193477
948043
465152
28623
149150
657301
287459
429476
915514
95008
528216
111392
738822
940983
340675
630819
803617
265000
699772
709934
838256
394930
70583
41766
61710
708364
421637
687784
603745
365456
962035
590211
85064
833987
823376
889814
245424
165889
362061
568071
852358
329417
379260
202525
761670
851619
716987
313083
84082
452778
906346
732858
487199
663418
347735
761698
809129
325238
797051
56004
145415
322550
357086
375350
143481
224076
976789
589420
953182
149618
641516
108783
214626
47953
931230
462333
147988
626864
579713
273086
570901
422071
926527
59870
782188
838815
13886
41419
802039
912953
908449
651213
635836
515031
346216
396028
295326
530843
370099
292707
105259
619226
387044
978928
852818
595692
381793
796244
32114
228242
168505
539133
310925
607173
511070
717741
137755
946263
299792
970807
871483
174408
904091
368342
954949
219880
264310
844458
159994
128995
424461
672016
655453
401710
439513
938588
786459
641549
503082
359862
930149
949630
32134
151694
28638
740229
485996
443261
129648
108373
186161
679098
391673
58712
147852
303541
757987
783195
808045
97107
997842
696921
164231
159303
601782
981539
220015
629833
654208
526633
300188
306422
475185
392039
227982
720644
798093
814446
197132
528416
92399
421645
265478
908326
187958
496285
753176
764668
520989
427942
350511
786700
672169
913457
529222
502748
334075
302123
633674
80587
449733
628787
437788
237610
339353
445121
540084
901876
214045
240754
256355
520428
750491
729460
639601
526802
797685
955658
174308
888769
513205
200956
367330
540584
334147
702687
826862
976802
794864
73148
716622
888629
710318
739872
562253
230372
561250
148032
744989
542001
575186
259910
487956
995187
729977
386300
431447
240783
211322
563796
858260
804566
594865
408593
657577
127291
121572
670486
353506
994415
999192
619913
996895
991067
860416
720868
457300
279673
413009
138776
961579
807824
17521
162525
823876
407562
652749
624219
587164
533619
515529
760686
274187
983696
39955
642586
676199
360666
645969
187211
704711
438102
367736
689479
304162
597586
909822
620658
95125
800894
868967
270333
146819
885796
725244
444397
850006
178629
464091
172163
521316
254034
983783
739469
905390
555203
151647
458057
628546
641112
846348
662129
803712
229674
418836
766120
391481
192813
568429
425471
972019
868293
64939
560548
61001
764353
542713
926375
752303
925176
153574
412138
372692
177151
101655
584357
396704
808772
320987
445524
741788
287114
278492
13053
422641
233281
822896
474401
620361
153409
519375
984575
404882
709347
260959
661631
927969
971772
663916
5762
463027
795319
833139
657411
652174
51150
555997
226794
468294
661221
558089
536813
265755
856707
221826
647843
134528
880749
233936
328039
261622
983329
76074
886757
595863
353388
343689
147076
15791
560424
755735
937648
206789
946390
502854
647427
664759
551251
60670
386831
468483
377146
237678
835786
101602
873687
189124
804631
176270
64835
32567
697197
506725
712865
128449
94822
592486
536115
930411
965350
10520
883034
642368
116966
763081
227048
75747
583004
545652
366499
309693
143433
307452
154713
29710
904990
708949
962011
802853
952972
193346
885591
427883
56167
62200
850454
473049
79926
114018
791118
849161
998425
179582
648037
972586
906839
514148
936259
443150
861892
234023
612114
636126
228363
964564
998293
495277
838750
255319
483042
8937
292087
26302
82877
241838
965833
905493
498259
850612
34056
691567
182800
351273
16018
459078
930461
317338
500344
921914
786489
60746
870957
60853
989107
798373
530762
892912
587073
155022
694076
233358
999233
755285
571659
182758
223881
281476
787463
107550
20524
334808
843985
739826
422540
634637
538435
232596
200279
381011
877629
77678
943776
411612
511437
790787
40538
504919
907066
964787
201587
33527
577197
614685
240651
393260
911613
31071
256655
811891
229398
496697
908406
10185
914437
909839
495448
99387
709602
582989
953446
93977
665625
262629
821066
539016
231767
212659
318556
680951
136207
379778
260669
545386
349542
438824
479700
158386
944449
130444
269603
584317
559656
193032
648517
66697
334487
824361
670342
946996
529633
235667
491231
786096
256642
613826
432076
907154
793471
602283
262540
760841
565692
532033
498101
726443
760410
258899
826929
308587
956554
733650
518873
481319
167795
984113
402412
568990
507644
225061
536683
479103
646646
425804
975189
855964
633321
833706
367610
880702
642746
962830
660990
820626
648245
905555
69805
35648
878973
120514
935029
276252
835725
426197
276164
782517
276330
701974
9919
60491
863527
371494
424731
805151
959060
38810
859356
324898
648709
357888
44968
532303
851578
39359
569799
350804
522160
961372
496954
920299
789443
11865
172981
157704
50366
519864
395386
949291
34113
408733
417874
71189
778510
400977
950763
151639
777136
92963
147145
599237
430920
664617
481706
36170
762677
980132
846971
607509
351391
372865
892464
272049
618272
683516
692036
85683
402192
549983
634317
30028
693868
485416
498106
329407
512546
972937
232941
96556
344060
560713
829231
470218
628454
558856
211668
455027
302046
419231
914796
349273
552759
965542
507043
456982
20745
488463
445494
873826
359672
428975
374994
231518
753440
143837
94603
360909
740506
808755
912117
503522
334510
499442
727907
871219
525397
598018
19706
15053
217385
173270
851056
603106
488555
423214
271207
523870
221616
173622
649376
256727
681322
318092
935581
980067
213903
743583
107096
341059
230504
581490
326937
315708
810872
488192
653240
937990
768327
910586
73391
323230
245770
392108
158619
652662
595312
149565
878863
986509
613259
495381
66069
205785
939865
671769
313666
116063
539759
81106
320181
752549
665793
184747
846700
16768
124240
439257
285826
695431
126640
705429
389769
138088
141749
709189
733248
251928
141498
961529
546737
980454
555021
564560
892394
455081
565178
385723
553749
160024
644787
582041
138039
976056
835673
736962
71105
951536
207657
232095
404054
112760
217414
304822
378970
952048
536606
944004
738739
479245
741500
905347
282656
183150
50218
753803
921586
70349
206337
732117
62506
261136
220239
753050
711857
973887
264291
710106
540590
411857
846839
107640
387016
785247
845435
24770
10296
741626
272506
287823
967689
267800
14891
937153
280623
435497
624342
981547
178881
613512
997985
267660
999189
537421
284919
184056
391095
37375
175764
48535
797189
484070
441263
466695
127338
49727
438595
487837
702325
947465
469692
557897
174997
739965
132795
693527
890163
348826
179014
42066
576300
128286
407439
692291
613802
294608
77599
326359
18398
78202
668255
543070
603164
694325
62851
912368
88850
112220
771411
70698
253734
687651
232088
869526
544172
21888
411423
610217
130689
293191
79852
730341
295751
427027
659071
66335
176765
22176
942396
206683
195513
16182
969657
162515
895685
931904
717609
794710
708756
158395
78239
169741
47199
168138
889730
958362
897441
443686
760012
679897
878251
338354
572926
692872
322148
878508
484708
978243
438113
300800
465280
982504
745693
194615
771414
640409
415637
621324
708627
254111
788035
476127
356507
379372
744948
810115
428654
822457
653128
768946
274038
558094
499206
477984
951471
295328
737561
398828
902259
201620
514667
421555
15074
794269
343039
742057
535572
523424
754205
267447
479470
350259
77260
477882
808488
322809
90833
104784
79959
526838
228072
617424
726378
287078
453717
731059
994127
583610
492312
738591
41205
404848
80062
907986
136557
365837
149332
504424
998826
819706
39095
901256
14183
619449
298759
685681
309671
530498
166778
532701
261016
12606
679052
33679
650897
699167
215252
927870
594042
452186
77298
246046
462475
996866
618853
264903
467565
181378
379193
341636
111612
371383
41885
328571
498926
564456
968467
187636
461005
690403
563136
670983
4640
509749
957603
211430
318312
912709
627490
763653
460678
742541
132992
430498
263034
991990
893739
491380
559622
651856
506866
948532
283632
742507
444180
712514
174823
431572
419444
716662
297085
569775
743720
86212
467
778734
420144
778891
897874
344299
650179
219066
717077
679400
843781
538463
962212
33760
786518
359182
924508
228361
958660
231978
385898
597737
677792
31635
372470
974482
199726
801452
923484
813436
328950
178951
704661
108157
159799
5552
297268
808999
477179
817491
911565
801214
531910
190346
895984
719572
563688
606343
404883
661315
384050
352859
779277
176135
193541
166560
81471
443510
630662
292489
880397
227868
998061
819204
735306
679927
415229
361737
681074
740812
919310
773571
506192
405668
956806
672727
931968
720102
306662
948629
128015
165266
572288
653434
758334
402903
786055
673247
54886
50194
897150
728706
291637
945957
137491
231280
172758
776367
717893
154571
530159
954733
361279
470333
32644
916269
566281
393146
807993
264746
828244
629547
522804
845577
749427
957180
759841
609839
323945
755715
157711
543997
731741
24971
279159
24873
755242
451645
539485
571066
584979
407338
212752
568287
27604
235640
970635
591725
16275
42982
868734
447476
242357
897917
83430
579772
168013
688597
953880
188065
150448
892673
537694
715272
401700
287640
810104
891901
494263
938081
521348
892459
114283
142298
900216
13687
142735
447205
228363
836281
642473
824720
98867
669783
732623
23999
712650
709824
44500
816440
246794
202306
922144
245387
589239
624841
904409
147164
129500
772469
493565
300878
466477
923990
510290
579854
125323
496903
112756
453305
574375
238372
782221
969067
201470
485801
98084
792229
197250
156392
174860
715034
568601
904742
470972
654038
870462
694419
498431
637004
690886
900709
897410
701690
272765
426064
963147
388347
717935
743588
921417
789353
893506
693890
950214
283756
71040
100860
824824
630628
877619
794953
159543
332655
88617
890273
267850
415319
198871
138107
861146
622299
254362
679521
48712
309016
274968
58092
753178
366548
219653
610146
129488
759208
41410
388584
897173
959495
631903
755877
869329
20591
351361
319286
463259
212586
682847
922439
393228
648513
151142
993108
131119
225790
286333
819389
494036
937693
716643
444351
864900
595023
937524
530709
121166
279658
39498
185194
587712
989360
169343
346937
738802
92409
985489
915907
345724
337600
427679
498860
945735
573640
355984
720435
544321
770793
239251
714124
123754
359483
188992
954396
408331
634653
698717
280208
372039
122339
319421
516891
479434
812634
993412
218122
126622
697400
331845
778693
594524
441573
279948
669092
604927
116448
223799
437547
987796
917648
34943
828068
58382
634152
556436
907159
229686
546869
375079
24297
480447
353415
791617
103695
655799
990329
660880
869421
99482
404127
932867
532559
965441
431948
652490
461186
697527
105341
240512
8400
598124
604646
427941
934679
735491
627990
979908
195269
133126
91849
206771
332531
834873
719754
61497
240602
521868
686915
915402
386934
388714
585699
579629
464629
621102
475562
503102
175132
672501
893268
927120
412599
859086
698783
506986
784827
775502
749051
361458
12922
906369
715726
666856
412993
881210
298273
306185
810577
575820
249130
283924
559225
364113
496566
796712
729868
629927
162611
24652
670532
308539
760855
330697
939251
195069
163569
240050
110114
466291
640906
402948
971272
859242
650359
837544
695720
58758
895550
946069
934664
808763
427491
391314
912201
399380
276878
942873
266088
45169
203162
881303
70224
264974
38844
566672
692633
998269
125966
543072
121313
543030
642167
536988
284677
264197
383865
196567
801085
499617
906839
460545
928722
343837
309345
800425
913788
50872
626205
956771
232476
625999
299924
307524
39890
266993
848246
474314
373500
798803
172971
392217
792780
652250
302647
53728
377157
244374
661960
431578
824274
200591
376287
384113
217411
540087
378265
733884
449956
693374
306713
718505
706556
360709
69908
844406
320095
797802
141561
356185
339504
254146
612731
492544
609271
562085
116220
550835
559707
79970
441815
279125
357564
507539
934794
577481
169263
302924
735935
772272
150423
289325
733941
572561
773852
409943
175056
298514
997835
294267
845369
732707
588426
281486
638259
990202
229558
958617
761276
579320
95131
511212
409436
260843
541263
137650
37197
97261
823595
990176
999430
368617
403943
713160
109606
15613
6801
753930
821882
658171
448746
914921
689515
729738
889693
107515
266375
741034
932573
766394
623274
128917
882778
812473
769672
444224
237983
448752
11674
857025
218379
492024
877347
404682
674218
758162
994846
963987
754607
259745
666310
166870
437072
811448
850241
30324
289662
879374
146538
40949
143872
760718
243130
276589
981739
124619
214226
166009
235584
311953
924839
468713
831970
873814
872266
530872
87154
600336
392787
669622
920457
419872
505769
164806
566161
874412
116401
426755
928704
676682
948689
559870
162866
769495
629472
740003
753955
264168
293100
296506
89798
133208
324454
777289
789316
676417
629358
580630
835092
10182
918711
346505
386163
994444
376471
178736
304961
695048
902318
871389
683000
633779
300848
188394
421321
395803
13072
12381
976596
470547
186058
917478
995524
543627
667021
26693
731078
295802
91204
284808
721572
21495
348736
798450
87682
4647
954308
557944
332339
288721
849132
644133
536377
946702
756666
957213
106135
2972
432446
467710
796373
630161
73762
24610
297808
787756
270159
882561
832763
52871
520768
962420
653878
733609
288801
920852
156297
400888
811875
293121
908349
583499
207391
698558
325911
23069
280036
549114
117170
932958
598111
563690
431096
307748
941606
643537
31484
166144
302689
504481
3127
826155
559509
60411
759774
250526
254862
974867
677980
663872
560873
348655
726833
735802
775419
863054
668518
967655
857762
818341
552876
889127
882342
884228
647761
901715
237962
584920
616862
724938
397621
893257
781647
374762
604600
767940
902959
688091
873404
415443
132880
145861
817929
177831
729572
243873
717045
835064
457532
661805
465767
771715
916506
134073
489479
894130
824372
24991
226756
449562
518664
548816
400961
934878
415254
675144
90461
348848
790015
736291
944093
40824
871224
279434
506744
300493
787307
757510
902399
644832
794986
858421
777832
851448
366480
786457
490102
82391
951798
107981
645382
887036
191823
751892
383671
170434
52385
529866
801975
581350
57824
838652
655463
950630
753001
526419
500010
30916
440408
718315
579023
683305
42950
223618
260568
450791
334498
900171
460903
654167
252075
514466
377092
71649
827015
522907
698253
164634
730755
124787
412155
981320
501544
959464
662732
537984
856758
710692
244819
751792
571840
761620
598744
330361
990435
361240
945517
149620
475236
322387
726798
258518
56869
592161
657652
333806
481156
515560
618614
698379
449745
407304
633244
485626
603177
484460
835010
224812
868531
91138
982566
371127
41655
432583
491214
761651
426774
882171
522072
509893
532842
72308
725088
683064
949563
654479
165639
237639
73050
129601
475494
76279
422046
347595
108624
598945
331512
160268
799228
747533
23541
851184
50455
259834
188369
180294
60517
577787
928690
972848
238352
329403
702536
178676
520911